3375  2416  2655  6741  5541  1988  6435  6325  6093  3156
3814  5923  6511  3567  2712  4788  6878  3115  4011  4723
5480  6632  3855  6389  6583  6900  6439  3378  3257  2059
2545  7194  4991  5924  4473  5581  6934  5779  3876  6588
6424  3947  5712  2504  3352  3959  5621  5816  2567  6084
3034  3456  2032  5646  7156  4455  5097  3372  4026  4685
2360  5346  2119  4180  7152  4664  4767  6804  4603  4581
1766  5584  5829  5330  6596  4757  4938  5929  1639  4358
4390  1580  5913  4559  3677  5252  3194  6876  1613  6570
5510  7067  4173  6206  6592  7237  1640  4481  4610  3228
4150  2474  6635  4351  4022  2283  2967  6461  5154  5155
6033  5653  2374  7096  4139  4421  6297  6667  1818  6233
6603  6510  2034  1957  7127  2736  1899  5525  5201  5142
6865  7038  7130  3161  6090  6714  3819  4362  3631  3863
4267  2632  4558  2863  4975  3754  2985  4102  2115  6492
6527  2239  7088  4056  6390  6196  4323  3665  7238  6610
2080  5100  2584  3753  3527  6779  5084  6846  4913  3936
6478  4044  6388  3989  5802  2351  6748  5580  3596  3544
6260  5104  2912  3026  3040  3887  2837  1572  4425  6813
3058  1950  6819  6360  6164  4636  3311  5066  6361  4273
4147  6536  4237  7003  4282  1516  6882  6660  5945  4231
6795  4520  5262  4577  4785  4990  4083  5821  5032  4507
2875  3786  4983  6786  3243  3188  3203  3830  5850  4747
1819  6296  5283  5013  4299  6286  1979  2838  2562  2324
4834  4563  3146  4812  6843  6133  6771  4127  1834  3806
2006  4638  4226  4997  6047  6464  6159  1506  2346  3929
3393  5179  2295  6683  4920  5178  6954  3195  3098  5385
5832  2858  4752  6718  3433  1504  3085  5461  4256  6860
6449  5531  5409  1930  5490  1860  1542  3361  3258  2242
1702  3297  3385  6174  5784  5770  1963  1744  3262  6262
2591  5686  4633  2490  5213  6594  6320  5041  4807  6039
5281  5387  7116  5833  2846  3405  1843  3113  3158  5987
4268  4872  5962  5877  6919  3248  7169  2272  6821  1619
1672  6906  4447  5043  2031  3461  4931  4373  3392  3331
2021  4725  5824  6925  1555  5674  2072  7034  5669  5934
2076  4846  5248  3166  2088  6299  2448  4352  4428  2203
5701  6402  6994  1694  3888  5360  4853  5997  6561  4737
5614  5899  3669  1620  5983  1859  6477  3165  5232  1550
4437  3601  4387  1805  2198  4475  5098  2366  6465  5447
6820  4803  6889  2791  4471  5033  5529  5063  5012  5039
3349  2240  2194  4410  2494  5392  6542  4126  1569  2285
5240  4716  5259  2682  3682  5289  3717  2767  4631  6765
5479  2440  5468  5666  4796  4486  4223  6058  5554  4868
6712  3713  4787  2380  4930  6377  3162  3021  3779  3968
4106  3253  6955  3749  5744  2410  5331  3522  4813  6509
3801  6142  5622  2729  1914  2964  4536  2495  3657  5313
3245  3265  3647  4209  3673  2608  1828  6376  5176  6016
6255  7146  6815  1601  2939  3221  7028  5151  5767  2717
5879  2508  3988  6476  4500  3932  6809  4800  5957  2517
2625  3059  6948  4628  6695  5025  6503  6903  4831  3507
5074  3128  5434  5637  2288  6014  6327  3571  2275  5022
5694  2805  5889  3821  6634  3422  1628  4189  2925  7135
3417  3121  5138  3761  2823  1839  1727  6995  4897  2623
7198  3065  6123  6845  4819  3540  4100  2479  4420  4586
6463  3419  6173  2968  5505  6003  4073  4296  4266  3069
6370  3095  2302  4480  3105  5451  2394  7232  2787  3395
6178  4301  3259  5103  2482  6496  3251  7101  4080  4875
4055  5799  5611  2001  5174  2994  1714  5989  5249  2543
1876  6046  5258  4478  2128  5553  5319  2208  3193  1567
6154  3197  5457  7115  6970  3777  2966  6720  1630  2808
4397  3096  6483  1713  2596  3664  3055  6328  3076  3740
6564  1827  7209  1889  4551  3268  5703  7106  6180  4006
4838  1741  5695  6059  6078  7236  2284  5636  5353  5121
4338  4895  5144  4302  4883  4763  2753  5408  1778  5277
2901  5964  3889  4070  6430  3209  4050  6604  1833  2886
6397  4637  3756  6551  2197  3918  2722  2600  4621  5183
4200  6270  6330  5489  3369  4458  6175  5883  6737  3032
6317  4762  3301  1873  6298  3937  4947  2694  6598  3319
2445  2023  6209  1965  2882  4014  5776  3512  1775  3837
7137  1865  3520  2629  2258  3609  1521  2179  3668  2907
6400  4482  2433  3370  3635  6760  2530  3002  2243  2503
2144  4433  4704  2452  3541  4818  3206  2406  1502  3734
3921  5571  4407  5450  5093  2781  6613  5793  5690  6432
6569  2298  6181  2089  4609  1621  1594  2905  3467  2825
2401  5866  7014  3778  5329  6357  3142  5157  5886  2388
6282  3690  5293  4029  4155  3671  1511  2312  4985  6897
4025  2447  1697  2758  5430  3859  2537  6662  3023  5150
2025  5953  7212  7246  2083  1531  5844  2615  3231  7200
2468  3379  4097  3955  4605  3267  2352  2464  7165  6086
3097  4768  2297  5397  4440  6764  6953  6880  3120  6277
4755  7030  7179  2124  3755  4597  2589  1872  3219  2684
6259  4576  3557  4590  4671  4530  6796  1830  2481  6408
2094  3714  2631  4510  1983  7062  2245  5756  6593  5511
2227  5741  4211  1998  6494  5309  3621  3181  1635  2146
3970  2516  2867  5500  2719  3833  4701  6801  3923  2695
3064  6386  6869  4297  5215  3952  3112  4911  5960  6739
2756  5575  6240  1729  1896  3860  6252  1918  6135  2544
6042  6100  4735  3597  6549  4794  4523  6316  1517  1524
3354  5496  4808  1622  3239  5326  4645  2136  2666  2320
6924  1547  6302  1745  1780  4119  6992  5487  6790  3416
3957  7018  3220  3190  2841  5857  5689  3016  4348  7009
4815  3278  2040  3681  5305  6281  1793  6961  3029  3327
2995  5438  6848  6414  6126  6479  4048  4958  2093  2528
2520  4178  4594  5749  2960  1760  4912  3154  5904  5783
5471  7119  4772  1526  5126  2986  3019  5132  2054  5822
2790  2301  4290  4063  4567  5562  2364  6448  5482  7178
4850  4689  3143  3951  2205  6857  6374  4474  7105  6121
1708  4149  3330  4933  3783  5029  6484  4522  2593  6415
6783  5958  2795  2313  4191  4075  4116  3340  6587  7222
3077  3797  3153  3552  2345  4745  5808  6220  6057  1875
2707  1973  3477  2955  3705  4541  6867  7024  5379  3458
6622  7181  6705  6853  5649  5286  4738  7074  4283  2363
5181  3796  2443  7046  5270  2588  6239  3742  4159  3078
2236  2526  5402  5396  6584  6822  2829  6871  6287  6788
5795  3114  5652  4929  5004  5885  5318  4309  4090  3062
2733  6371  5465  1671  2486  4549  6310  1954  1758  4177
1544  2158  6560  6998  5642  3322  2196  3283  2459  1813
6929  4634  7080  2466  6021  1908  7004  3305  7013  6916
6601  4496  2891  5057  5891  3356  3574  5683  6830  4093
6574  6323  2580  2697  2933  2408  6223  5647  6805  4286
2060  5724  6018  5861  6698  3350  3347  5641  6420  6365
6717  3235  4495  3090  4618  3945  6556  4040  5368  3812
2290  6070  6736  2399  5781  4515  7197  1806  2850  3508
2223  1850  1734  1941  3212  4192  3613  2095  6176  3434
4388  6534  5486  4680  6419  6312  2565  7058  2371  2602
6928  7036  5984  4926  5472  3760  6184  6789  5268  5334
1823  3606  3408  5391  4002  3593  4251  7012  5739  5433
1609  4179  4417  7114  1895  6715  2502  1770  3484  2027
7167  3565  4778  7233  1700  6228  2920  3178  5875  6756
2556  7242  6071  2273  2113  3172  2800  4174  4253  1644
3037  4257  3638  1746  6985  5010  3722  3238  7168  1794
6639  2011  4303  3614  6050  4066  3585  3269  6958  4281
1616  6688  7187  2065  6324  5588  2269  5805  3036  2664
2098  2282  5265  3920  1677  5014  6724  5568  5302  2533
6861  4585  6343  2385  2165  7076  4781  4131  3805  1881
4276  3804  3711  1712  6010  5049  5774  6405  2761  4976
3818  2586  2870  1715  3343  6037  7026  7245  5786  6165
6898  3649  2129  3625  2509  5880  5947  3686  3091  5101
2265  2296  3626  1953  3454  6156  3130  4686  5123  5443
4219  4806  5902  6076  5734  7092  3676  5925  2357  3431
2982  5738  1533  2908  2421  6139  4758  2323  6694  7098
4811  2106  5118  3284  3975  1554  2873  4775  4419  3025
2676  3524  5545  3619  5028  5685  4461  3282  6271  5815
5119  2648  3341  6195  5645  5377  4504  4588  6607  5006
5867  4903  5830  6450  6396  1815  1575  2341  3980  3397
2344  2706  3449  6507  4438  2209  4157  6983  3510  5436
7082  5359  2310  6216  5809  2122  4867  4675  4313  4298
2658  3496  3589  4682  4498  6425  4088  5522  3874  6026
4835  5919  4517  6781  2649  4843  3373  6532  5812  3001
2365  7071  5111  4736  4499  3007  1676  7191  3600  2865
3061  6201  2688  6434  4021  4855  6689  2266  4129  2941
6355  3100  1648  3577  2810  2050  2714  2483  3124  4261
5978  4799  3568  2770  5348  6884  6599  7064  6395  6657
2834  4378  3236  6236  6214  6883  5959  3240  6567  2604
2041  5709  2476  6540  4470  4224  5274  6104  5772  3716
3486  4967  4830  6627  4216  4003  4652  5909  3857  1773
6373  3969  2552  1581  4120  6384  4993  6300  4777  4241
2762  6336  1607  6664  2108  3400  5410  4023  3834  3655
6621  7022  3018  1849  6074  6231  6893  5374  4908  6544
2793  5090  1649  3247  2327  3271  6966  2090  3794  5058
5398  2978  6794  6774  5506  3380  2372  5449  4650  6586
1535  5086  2437  5210  3762  4143  3328  6894  2667  3229
3737  3497  6134  1826  2971  2689  3515  2888  1893  3700
1748  1509  2330  3295  5214  4111  5237  5911  2238  4392
6936  6977  3521  4361  4062  2763  7091  3511  5017  4381
4886  2665  2918  5660  5684  1782  6854  2487  4921  2542
6656  3730  2160  3266  2950  5037  4107  3782  4547  3135
5700  1820  4512  2690  3987  5903  4210  1668  4543  1747
2400  6944  4314  4684  4719  3275  4181  6399  5358  5788
4329  5295  1565  3027  4624  5828  5335  3704  6817  5719
3656  6051  1717  5003  4327  1598  5117  2184  7079  6451
6641  3729  6751  5484  5250  6482  4019  6904  6017  5563
6686  1614  3314  4711  3300  4376  2052  4252  3150  5855
2804  2008  6137  4620  5604  4204  2056  5988  2814  1990
2559  2673  6645  5901  1786  4653  2256  2569  3187  5590
2007  6723  5188  4260  2786  3675  7072  4009  1657  5876
6699  6006  3679  5745  2642  6841  3986  2698  2412  6470
5762  3994  2477  3866  4012  3998  6268  6013  3523  4394
5499  3192  4091  2244  3965  2162  4156  7177  5163  3536
1510  3063  2210  6911  7159  5845  2709  4255  2799  3869
6486  6221  4245  3723  2757  3487  6303  5366  3839  5494
3709  2794  3335  3022  2996  2222  5445  2747  3560  6417
6922  5592  5405  5292  3533  3900  3503  4243  4851  1737
3791  5995  2287  5920  6481  5951  3086  6124  5225  3179
1753  2073  5354  2849  2984  1756  2514  7202  1699  4570
3270  4194  6938  3735  3277  4692  6975  4955  3894  5432
2276  4791  3708  1579  4146  1634  3004  5441  6728  2286
1514  3850  5145  6338  1603  5114  3650  5474  5369  6358
1520  4398  6009  6679  5184  2945  4382  3844  6067  3255
3624  5418  1801  2568  7195  7188  6628  5198  7010  2672
4275  5728  4710  5826  3689  6962  6666  3294  6629  3948
3741  2066  5035  4678  4571  5070  1831  6187  3123  1655
4332  2887  5534  3739  3915  4133  6254  4729  4878  2670
3049  3225  4072  6745  4061  3706  5512  4359  5439  4505
5858  2513  2047  5676  4999  1589  3287  5912  5966  3710
3569  4655  3663  7090  6034  2186  6314  3134  2842  6372
5495  2990  3695  1735  4584  1943  3412  3315  3548  6163
1926  4336  4555  5470  7108  7099  2152  2407  3849  2782
3733  6207  2779  6538  2651  1586  4108  5516  4754  3254
4444  3870  3358  5266  2617  4448  3028  4600  4817  6623
2250  6322  2157  4936  4697  5629  5569  4677  4395  7190
3712  3073  5628  4264  5601  1932  5437  5726  3935  6062
4074  4233  4380  3110  3351  2906  2277  4166  6392  4847
4893  3329  3498  3308  2304  6942  2135  4780  4984  1536
1706  5190  2822  2570  2141  3155  2558  5321  2938  7250
2126  3934  2740  6931  1991  5942  5172  3687  1997  5884
4469  5291  3784  3943  6319  6418  2390  3429  3353  2391
7120  4805  2988  2064  5664  6349  2432  6498  5380  5707
4203  1696  1986  6157  1768  6585  6839  3475  6125  4906
5996  4148  5308  3790  2914  3109  5333  5715  7061  3856
2382  1870  7216  4766  7142  4270  2123  2488  4756  4989
5839  1808  6528  4978  4094  6278  6568  6957  5404  2336
6119  5173  2540  3949  5076  7140  3916  1637  5704  3564
4919  6678  2748  7015  2289  5863  5803  6344  7243  2970
5370  7199  2457  3767  7157  4884  4124  2070  2638  4459
2734  3893  6663  3590  1596  4472  5247  4770  3390  2713
6941  6073  1861  2703  5316  3719  6019  5231  2316  1886
3928  2153  4703  2463  3489  4389  6362  2249  4676  7005
5530  4265  4001  6218  5746  1776  2200  2536  3031  5558
1673  5425  5130  5401  3607  3466  2742  4122  5143  5124
5162  5768  5185  2856  5546  2828  3060  3189  4740  2626
5031  4560  5933  3743  2910  6757  4673  2785  3922  1587
6943  7235  1583  2014  5780  1681  3044  3984  4368  2170
2022  2137  6630  6380  2057  1804  2506  2267  6273  2716
3646  2824  4578  3731  3436  5105  7025  5364  3151  3802
3453  5483  2333  4849  6131  4879  4881  4169  2099  5261
4615  6272  6791  6743  7128  2555  6879  1982  5246  3360
2169  6996  6625  4130  5651  2768  3748  6730  5813  1796
5200  6077  1508  3550  3463  5910  1800  3196  4285  3634
6659  3338  1909  7112  5527  3642  2518  6744  4793  6799
3720  2167  7171  5044  5307  5671  4047  3495  4687  2226
3252  2278  2294  4153  5851  5141  7244  3407  4054  7186
5339  4635  3075  3402  2765  6169  2671  6852  3917  1857
1597  5419  7162  1907  5137  2957  6644  2150  2043  1755
3810  1647  5276  5303  4580  4982  2832  2952  7039  3553
2207  5789  3641  6677  6969  2024  2418  4727  2680  2233
6973  4616  6030  4513  1629  4151  4557  5060  6489  4554
4262  2260  2583  1651  4734  4583  1556  1812  4041  2959
3423  3616  6410  6378  2472  1803  3008  4856  3184  2246
2381  3514  4639  5761  4446  6546  4274  6379  5294  2550
4453  1617  4121  7068  5001  1946  5771  6106  4649  5429
6920  5900  3823  7230  5356  5578  5059  5896  1984  4733
6956  1720  3199  1798  4068  3298  3381  5278  3825  7089
4311  3481  4010  5804  6844  5657  4905  6675  1571  2953
3133  4683  2485  2534  6533  6247  3898  5737  2929  2892
2611  4300  5236  3692  7123  6687  5342  1904  5478  3576
3041  3890  3030  2013  2190  7042  5194  5371  4171  3640
6959  4722  2134  3622  2766  3827  6416  4546  3999  6685
3066  4965  5675  2571  3579  5930  1641  4695  1836  5523
6909  4860  4956  6280  6673  4625  5961  2178  2172  2778
2438  4339  3962  6109  5082  6722  2471  2866  1564  3562
5753  2235  1532  6455  4660  5324  4648  6342  2248  2557
5573  1763  5079  3534  3780  1975  3903  5446  2419  6558
5455  6910  3608  2068  1901  6559  4284  5020  5420  5206
2193  2037  5559  5327  5080  3014  1577  5992  2303  4162
6015  2317  5688  2356  3312  2930  6807  5963  4575  5492
1817  2212  4969  2168  6608  3961  4607  4873  4691  4915
5658  2264  4008  4350  6581  2599  3362  6937  5343  4832
6797  4593  2253  5735  1670  4487  4099  7170  6888  5133
6633  3985  7033  2592  4961  4172  5935  2104  6810  5131
3104  5288  6742  2247  4310  3851  6474  5991  2813  6577
6862  2078  4195  5807  6993  2641  5467  1922  1868  7247
6103  5167  4516  5515  2679  3226  6648  7111  1925  6423
6182  6513  7138  2913  5915  3081  4168  7027  6681  5679
6256  3813  6401  4206  7215  2251  1625  3306  5159  6243
2532  4841  3746  1707  1557  4052  6562  3131  7218  7100
1503  3736  2358  5036  2788  6872  5320  3223  6615  3309
6140  4589  6351  6965  4377  2775  4896  1923  2420  2741
5229  5865  5787  3214  3694  5860  1883  6523  3930  2214
2991  3318  3551  6475  5287  5055  5894  4367  5361  4414
1905  7053  3697  5777  4185  5221  3771  5007  5475  2000
5317  4460  5654  2965  3418  6806  1995  2750  6812  6242
3202  2897  6192  6179  3977  2560  4432  5981  4827  2218
4254  1632  5027  4429  2605  6359  2429  3102  5222  1787
6620  7075  4249  4016  4833  6002  4654  5476  4085  4161
2308  6927  5275  6340  3939  3460  6467  2497  2125  6101
5613  3281  6778  6334  2549  7225  1788  7104  3218  2402
4790  6115  4573  6407  2142  5164  3842  5127  5290  2473
5937  4974  6650  2319  6235  2948  5024  2662  1966  6149
3365  5521  3698  6442  4182  6901  2675  5038  4718  5570
6167  6108  4656  6780  3578  2045  2397  3174  5836  3443
4531  4488  3474  1701  4454  5819  1608  6290  6618  2951
2877  2843  4372  5416  4114  3291  7073  3861  1675  2306
2379  5733  3603  6707  4229  2848  5796  4611  6692  4125
6595  5926  5750  2710  3129  2460  5508  4987  3054  7023
3831  6668  4651  5444  3140  6514  5810  2270  6158  1956
3388  1642  1940  6908  4212  1523  2919  2644  5843  5089
5838  2915  3116  5280  6690  4857  2499  5943  5156  6691
4215  4732  4353  6735  4142  4160  5955  4973  1534  5576
3868  3573  6947  4344  6345  4741  4579  4795  4196  2579
6244  5242  4379  6210  4043  5905  3960  5870  6208  2711
6738  6896  4024  5538  2677  4923  4038  6696  3990  4970
5670  1543  5323  4230  4742  2084  4406  5099  3715  1968
3632  7206  3897  7054  4629  3582  4288  4759  1574  3978
2721  2637  2806  2199  6445  4007  5422  4890  5296  2075
5338  6499  1588  6190  3480  6571  6454  7124  6946  4622
4665  5648  6702  4966  1999  4492  1610  5785  6227  3808
3332  5477  4494  2554  2618  6215  4674  4109  1519  2337
3403  5564  1739  5009  4612  5011  6589  4402  7201  6550
6043  5195  3406  6225  3691  2332  5921  6120  1978  2396
3426  4809  6518  3437  3940  4565  3307  7095  1731  7203
1553  3661  6539  5306  4836  3566  4587  4861  3501  1585
3993  3324  2693  3383  3013  7151  2077  5493  2147  2300
1976  1854  7149  6761  4750  2268  6162  3068  4751  2339
6391  2577  2686  6347  2636  2469  7153  2922  4854  3201
7145  4483  2954  3093  4034  3279  5723  4374  6136  5692
6974  1740  2725  2428  6976  6814  6716  3776  5609  2857
3925  3931  3858  2217  6579  4058  5710  3010  6011  6234
3531  5952  1774  3468  3141  6438  2525  4786  6930  5078
5116  3685  2204  2255  1989  5846  5417  4821  4646  3591
3559  5381  6138  5927  3845  4824  4118  2816  2280  5395
4644  6307  6398  3364  6626  4220  2851  2434  3304  3035
1880  1867  3637  1764  3966  3083  2696  3883  4814  5965
7129  5697  1928  3485  1638  6089  2847  3546  2771  2628
3234  2338  6770  5818  5986  6517  4113  4045  1703  6684
2979  6777  2904  1710  2174  5228  6031  1939  6219  7211
2796  1698  5716  4175  5273  5129  5139  6491  2367  4027
6110  5147  2058  5659  5693  7192  5372  6750  2326  3892
4661  6578  5509  2563  5888  6145  6798  6443  3872  2322
4924  6152  5140  6197  3953  2436  2917  2764  4137  2578
2745  3432  3476  5304  4992  1541  4208  3580  1732  4642
6565  2840  3092  4413  3581  3191  2654  5551  6001  1888
4497  6363  2224  5566  4087  4439  1894  3958  3216  7207
3701  1563  4184  5019  5069  5644  1835  4441  3774  5632
3280  2864  6413  2161  2423  3751  3763  1792  7031  6035
6655  5113  6701  6850  5502  5994  1944  6318  6838  5204
5497  3464  5170  3047  6512  4384  5897  6107  4604  6241
1856  7103  3502  1704  6658  3012  6274  5630  5587  6746
2498  6731  1971  3840  3440  5982  1934  6060  6308  6447
6572  3537  5018  2976  5682  1595  3517  4527  1505  6305
4532  3411  2869  7154  2700  6752  3725  3954  3317  3611
2972  5389  7134  1921  7122  6638  7001  6661  3042  5713
3088  6065  1772  2845  4524  2894  3017  2726  3853  7161
2232  6028  2415  5209  2293  2854  2038  5102  6289  2202
5238  4028  1623  5328  3263  2321  5235  5413  7055  6725
7051  6784  7066  4015  3313  3623  3479  5705  6346  4721
4514  4858  2392  3542  3963  2431  2171  1725  4951  1522
4101  5251  2180  3175  4981  2430  4511  7050  1728  2803
3396  7019  1618  6202  2361  6576  3703  3605  2424  6217
2279  3205  2566  3627  7148  6421  6440  5051  7063  3469
2383  5890  4672  1683  3575  3152  1824  6293  1842  4599
3137  4995  5239  2201  6624  1980  6038  6095  1684  3539
5390  3171  2921  5980  2749  6669  2902  5161  6056  5764
1518  2470  1829  4491  2206  4508  4713  6986  2723  2012
2118  4081  4596  4595  3376  3570  2947  1959  4408  3594
6230  2937  2100  2958  1765  5544  5403  3651  4349  2669
4136  2839  3173  4731  3438  6711  1852  4079  5363  6161
2454  6980  4321  5503  5297  4918  4375  3914  4561  2055
4140  4269  5535  3535  5594  3410  4466  4944  3346  2630
2082  1771  3653  6269  4092  4078  5050  3200  3310  4617
5175  2112  6118  2548  3103  7139  3798  6732  3500  5864
4464  6875  2220  6117  3758  7085  6022  2934  2237  2435
6029  5337  6087  7040  2231  4548  5778  7163  7107  4963
4730  3707  2613  6495  3572  7029  7020  5052  1784  5459
6331  6580  4307  5555  6012  6049  4859  4225  5394  4422
2942  4193  1840  1724  3991  5990  3138  5722  5940  5782
1910  5607  6766  3543  2121  6153  4862  2898  3011  7248
6096  4335  3639  7184  4205  6114  2102  4371  6554  1559
2263  5406  3852  3186  6409  3482  2598  5792  5421  1917
5577  5193  6061  5975  6834  5223  5949  4988  5426  2859
5643  3882  1964  6522  2798  4399  1688  2653  3420  3052
5727  2923  7234  5322  6160  6600  5635  5310  3926  4424
4271  5967  2354  7210  3670  3532  5125  6759  5665  1762
6785  7118  3680  4784  2783  5766  2699  5585  1537  5944
4104  7037  1650  2362  5498  6183  2340  5211  6769  2039
5729  4937  2928  1891  7176  6458  5053  2807  5517  4568
3217  5245  3816  4957  3871  6261  3933  4888  2547  2350
3721  4761  2048  6713  5898  5747  3800  5871  3630  2932
4391  6171  4941  1669  2019  2755  6978  6285  3303  6188
6651  5488  6729  7155  6649  2594  2612  2581  6265  4820
2475  2348  1646  2378  5315  4870  4046  5862  6341  4418
4333  2414  3355  6749  6301  5466  5775  1722  3371  4312
3660  2373  1781  7185  2103  5882  6609  1660  4934  3583
5219  1920  1643  1987  2465  5271  6816  6383  7011  1562
1507  2576  3878  4423  2687  6945  4700  4592  2538  6709
4232  4942  2353  6471  4694  1738  4939  3409  6818  5582
6191  1838  5279  1566  3164  2042  5941  6005  5454  7180
7204  5068  5411  2291  6710  5985  7229  1736  6092  3927
6083  3648  6203  6706  3215  1846  4289  6487  4825  5091
3415  3846  1911  3363  2511  2652  7213  7109  5720  5300
5655  5528  2305  5548  1790  1814  1858  3757  3039  4032
2535  2524  2318  2143  5244  1871  4165  4117  6808  3696
5948  1718  1938  7069  1937  7231  7070  4218  4837  7241
3465  2522  4018  4922  3250  2607  5428  4343  2195  1906
4084  3168  6617  6283  6918  3386  6457  6155  1682  2835
6080  6250  6674  2853  2868  5182  6213  5954  7133  6939
1530  1933  5840  4709  1942  4462  5325  5054  6933  5873
6311  7227  4319  2884  6333  5260  2004  3160  6537  5061
4096  7226  2601  5878  4188  2855  3020  5972  2155  2086
6193  3421  2425  3413  4347  5312  2668  3051  4239  1994
2909  2427  4852  4562  2067  4774  2946  5714  6530  2620
5626  6840  5970  1902  2501  4135  3167  4537  6708  2016
4842  6792  6469  2271  5217  3446  5218  3595  4972  6353
5166  5345  1967  5922  6148  3592  2983  2453  4962  4128
5352  3835  5725  5056  4744  1590  2081  5264  3750  5386
6531  2062  6024  3204  4105  3099  4717  5208  3884  7044
3394  3198  6462  3891  1692  3176  7172  1515  3956  2181
5081  3981  1866  1879  4844  4996  5625  6971  4887  2529
1743  2818  3087  2221  6952  2685  6313  2595  6504  2519
1769  1528  4880  2727  3862  3285  4641  5662  1810  3919
3326  2500  5794  7196  4236  6719  2590  4663  5586  6776
5423  3428  5974  4317  5243  5431  4452  3662  3224  6984
3727  6912  3658  2731  2809  4221  6887  4574  2718  1985
4900  3974  7047  5005  1797  5453  3336  5543  7097  5667
3445  4426  1604  6000  4356  2130  5351  1825  3399  3602
6066  5680  5177  1685  1545  4132  3678  6045  7224  2890
5456  3909  3732  6951  4365  5357  4945  3944  4994  5513
2063  6079  4049  5134  4202  6404  1821  7002  5673  4294
3242  2876  3276  3895  6294  3005  4670  6612  2036  3455
4658  5424  2164  5696  3079  5311  5765  6144  5537  2861
4036  7141  4659  2493  6036  4053  2735  6224  2998  6652
1709  5165  5598  2173  4940  4082  7166  1749  5757  3803
7049  1591  4954  5087  4789  5624  5928  2801  3472  2403
6892  6044  4914  1501  3439  4246  3067  2028  2820  1974
3119  5600  1666  4898  5440  3964  5112  6237  3769  7094
5350  3718  3672  5341  3180  1546  3518  4506  2899  4953
7059  3538  4213  2575  2009  1915  5706  1851  3177  4234
2622  5668  6529  5893  5627  6874  2261  6276  3528  5378
2564  6441  2789  6337  7240  6356  4176  6591  5083  3222
2370  3159  4354  5149  3924  3117  6902  3227  5382  5556
5507  6258  1947  3633  4431  3513  4456  4681  1847  5906
2386  5514  7158  6747  4484  2836  7173  3618  6832  2844
3342  5950  2732  5672  4393  3009  4538  1949  5253  2456
5763  5365  3905  3359  5718  2334  1605  2987  3473  3643
5046  4602  2409  6964  3451  3444  2166  6329  6433  2833
6802  7021  1653  6923  1500  5203  2369  5617  2230  6072
2817  5073  1695  3795  6431  4445  1912  3822  2889  5595
1898  5299  3299  6555  1996  4443  3074  4308  6382  6068
7000  3478  1844  3169  5256  2582  5463  6858  4544  3470
5968  6921  6521  4968  4964  5907  4076  5854  4013  4613
3558  6263  2192  1658  3046  3210  5234  3841  5572  2512
5207  6257  5640  6506  4669  4320  4925  6831  2692  3979
6444  4095  4383  4222  3615  3448  5187  3877  6393  3391
3505  3913  6855  2342  4822  3506  6204  3604  5282  4632
2704  2963  1754  3357  3788  3824  2780  6459  4782  4801
6552  6575  3728  2074  5736  2467  2811  5202  5400  4217
6519  4370  1689  2229  4272  3256  1877  6054  7102  4792
1687  4539  4545  6105  5435  5583  6762  6907  3617  5095
4214  2029  1573  5881  4902  3377  5128  5092  5148  5565
4434  5618  6143  7008  5552  4627  4467  2931  1924  2944
4696  3293  2760  6091  3398  1890  1512  1783  6847  3942
5791  2949  3620  1568  3233  6429  4403  5811  4199  3015
6023  7131  2981  5469  2151  6428  5650  6502  3494  6979
4679  1560  1663  5639  1970  5191  5842  5946  4864  6229
1529  5075  6497  2969  5110  2647  3264  6631  3273  6199
4430  3910  2398  3908  4840  2225  5847  3345  3334  4542
3471  4810  6682  1841  1767  4248  3136  5388  5045  6350
4823  6170  3286  3867  4363  4416  7121  4401  3384  1615
5285  3880  4405  7228  6602  6472  4400  6321  5152  2177
5042  6616  5023  5473  4712  4476  2461  5550  2993  4582
3982  3902  6480  4277  4739  6304  1558  3799  4606  3584
2252  5169  7081  3493  2821  5740  1961  6048  4601  2903
3050  3612  5678  4330  5071  6873  3555  5442  6913  2831
6520  1992  4848  5415  3509  2413  3836  2640  5798  2657
2033  5751  2874  6147  5241  4910  2347  3881  1862  5030
3450  4917  2234  6636  6411  1795  6864  2411  6246  2728
4826  3792  5427  4556  4489  6306  3000  4828  5895  6676
1929  4894  6172  1654  4020  2441  2061  5284  2281  4904
6315  4501  3563  1927  3145  6460  6653  4753  5853  4227
1602  3983  2478  3525  2674  4412  6189  2893  4927  3144
7041  6128  2634  5831  4952  2097  4435  4183  2139  4207
6493  4707  3316  7150  6886  7126  2862  7117  6116  4442
4089  7113  6412  4943  2315  5362  2597  4979  4662  5892
5790  3207  3817  4326  5347  3149  2163  3237  6566  4240
1723  3529  2154  2826  4477  5939  2030  2515  1897  3366
1578  4164  6468  5848  1612  6836  2621  6647  4235  1576
2980  7208  4797  6800  3820  1807  3644  4263  5336  2751
3208  3556  4331  2656  7136  4509  2216  5908  6740  6406
6890  2051  4465  2997  4668  4591  3666  5597  2325  3048
6767  4802  6859  3325  4693  1855  3459  2521  2274  3127
6643  1693  6619  4404  2702  3241  2505  2639  4949  4769
4845  6515  4357  5814  4871  4816  4698  1903  3911  6833
6926  4186  4798  4764  7175  4706  7182  4690  1832  2450
7006  3599  5993  2635  6177  4863  2389  6292  5616  3333
6436  5526  6008  3997  2384  2738  1711  3170  5196  6111
6516  2573  7160  2309  6505  4714  6130  3587  3809  2772
5602  4450  6642  2663  6981  5932  6352  2961  4328  4907
5501  5918  3886  3764  6205  3118  6335  2307  5375  4525
4000  3185  2176  5837  4366  6597  4318  6266  3089  5536
5460  6141  5367  6949  5691  6989  4030  2017  4891  1645
2574  5731  7007  3260  1611  1678  2049  3404  5914  4950
6825  3843  2120  3337  3230  1680  5067  5605  2109  5062
5094  4031  5160  4077  6427  7189  2335  3654  3973  2585
4059  2213  2737  4702  2133  5220  6671  2911  1958  1809
6332  4598  6094  2311  3747  6381  7249  6997  4521  2619
4427  5869  4304  1721  1539  1661  5561  4614  3899  4980
4518  4355  2572  5115  3752  5560  2551  3516  2489  2895
6693  2661  3072  3425  3084  6811  3976  3906  5199  3246
5407  1913  6295  4626  5574  4039  3094  3157  5464  1761
2444  3232  5533  3768  2541  6212  5393  4305  7174  2096
1549  3070  1789  1552  3765  5742  5868  7016  2744  1652
5146  6915  2343  7217  3829  6611  7221  5414  3561  2872
2614  3684  6877  3211  4187  4619  6151  5938  5801  7078
6113  2127  5708  2830  5687  3547  2015  3793  3907  4519
7110  2375  5976  1887  1884  2553  7214  2140  4529  5168
2797  3526  6232  2053  4705  3272  2776  1548  6129  1759
4640  6963  5852  4167  5797  5874  4138  2087  7147  5085
6122  3111  2936  5298  6020  3674  4152  4647  5301  2643
2974  2107  1848  4493  7043  5520  3854  4342  6727  3938
5549  3807  2539  2609  5518  5267  2426  5887  2187  3683
4986  3838  3864  6863  5376  5158  2018  6782  2387  5752
5072  2746  5800  1606  6041  1900  5717  5269  2189  3182
6508  1751  2492  2812  5721  4540  4451  5835  6275  6605
6112  2924  2439  4708  3491  3249  6988  3056  6264  4004
1962  5205  1626  6654  5230  3382  5540  4250  6548  1878
3033  6823  4533  4069  3320  2646  1686  5827  4666  5699
6146  5122  1931  4749  5702  5519  6525  2977  2527  2417
2183  3828  5606  4457  3107  2879  4935  1600  3950  3554
2507  2546  3667  3610  5120  4123  3043  4098  3912  2691
4369  3941  3848  5314  7220  6088  1631  2610  4463  5969
5931  3053  4998  7052  3071  1742  2159  5399  1916  6967
3879  3492  2975  3289  3770  1664  4190  1955  6935  1892
2044  5047  4960  4526  5732  2935  5332  5615  7057  2185
2659  4037  6991  6772  6085  4552  5760  2784  2182  1882
5663  6291  4158  2002  6726  4324  6753  4553  6849  6150
1719  7223  5999  4436  4485  1705  2259  4315  5349  6895
5272  1785  7093  5227  2681  5491  2328  2878  3038  5192
4479  2962  2743  5825  2257  6700  4103  7077  5016  2633
6755  6545  2105  4877  2092  4287  1853  4291  6055  4829
2422  5620  2754  5567  3126  1656  5448  4197  2101  6375
2973  2587  6987  6245  4280  3288  6680  1802  6249  6485
6614  6368  3290  1816  5936  5524  6238  4334  4623  4771
4238  4042  3490  2292  3826  6168  5599  7219  5823  5412
5841  1822  3441  6982  4396  2405  2752  1791  5136  4566
6826  6490  1936  6640  6194  3435  1945  5171  3636  3530
3374  5711  6309  4765  4899  3296  4247  6200  3549  6453
7065  5661  3213  6940  3488  2496  6803  5462  5107  2079
5065  5547  4322  1540  6837  2769  4112  6573  2117  5344
2715  1592  7132  5634  2943  3645  6835  5384  1633  4885
2815  4971  4490  4726  6102  6932  6670  5698  7087  3057
1659  4386  3775  3628  5656  1885  4201  6999  2071  5681
3125  5612  4325  2989  4534  7144  4977  2927  5015  1874
2005  2645  7239  6891  7035  6452  4341  5589  2683  4259
5034  5189  6773  4115  2705  3659  5002  5916  2026  1863
3688  6793  6082  6557  4564  3996  7045  2020  6211  2724
6541  6606  4699  5773  3462  4503  1952  4145  1627  6703
6501  4748  1561  4292  5088  3442  7205  5638  2885  6899
3702  3896  2777  3302  3148  3847  3457  5355  5591  4258
3766  5849  7032  4779  2730  5971  4060  1716  2010  4928
6069  6868  3261  3427  5233  3368  6253  1757  3452  3401
6665  5216  3785  3483  5539  4502  4337  1525  7083  2531
6339  2678  3901  2299  6267  3106  6248  4360  3321  4278
1691  5677  2881  3598  6446  7017  7086  1662  5077  4630
4244  2720  4415  3759  1752  5532  1624  4033  6053  1864
6098  6734  2395  3024  4946  3811  6040  3545  1845  6787
6025  3504  4316  2114  2046  1674  5977  1951  1667  6354
2138  6004  5859  2616  3971  2802  1837  5542  4035  3414
2900  7048  6279  1779  6543  4608  4449  1538  4242  1679
5973  3586  3724  2349  1777  5180  2491  1636  6369  2215
6535  1726  4228  6251  2603  3147  6426  5257  3499  2110
6032  5452  4198  2462  2404  5579  5254  3815  3789  4154
3519  5504  1969  2111  4874  3588  5485  1799  4959  2116
4279  5373  6637  4409  5730  2827  2175  3323  6917  5226
6721  5998  6972  2368  3339  6827  2314  5458  6914  2188
4948  6326  5743  1750  6456  7164  6166  6851  2792  1730
5979  5817  4882  6950  1981  3699  1935  2650  3430  1960
5754  5481  6870  6027  6960  4067  1690  4071  2359  6856
2759  4144  5758  6226  2228  4728  1593  1972  4295  2739
2241  6394  3787  2510  2377  3447  2254  1570  6403  2871
2992  5759  3873  4657  6385  4345  2606  2956  5096  4909
5603  5956  2131  4005  6563  6968  2393  5806  3772  6081
3132  4866  2627  2708  5872  1977  6064  4051  4017  4170
1584  1948  6284  2926  5109  6704  2999  1665  5108  6500
4773  4667  5748  3367  4293  5263  4141  4889  5021  6364
2455  1599  3082  4340  4411  2940  1582  5340  2145  5633
2624  6132  6885  2035  6127  7143  1869  5008  6582  6099
6590  6186  3744  6198  5834  6646  3995  5557  4569  6829
3865  3108  4550  7084  3738  2480  6387  3832  5856  4057
4932  4572  3389  2916  4724  2446  6075  5608  2156  4746
4760  6366  5048  2003  4804  2451  2896  5212  4720  2561
2132  1733  6488  4346  2091  5026  3274  5197  6553  4839
2085  2701  2773  6866  4528  5224  3080  1513  4110  4364
4876  3946  2774  6754  4163  6524  5593  5255  3745  4865
4064  6733  6007  2852  6222  4643  6758  2149  5135  2329
4776  5596  2860  2211  6526  6367  7060  1919  5610  4468
6466  1527  4065  3348  6768  4869  6697  6348  4688  6097
4535  7125  3967  3292  6824  3629  3773  5631  6473  2262
3885  4715  3003  3387  1811  6052  5755  5153  3992  5917
3101  6828  4134  3122  2523  4385  6763  1993  5769  3693
2660  5383  7193  2376  3183  4783  3139  6185  4892  3244
3726  3652  4743  6990  5040  2331  3875  7056  3904  5000
6063  5106  2219  3344  6437  3781  5623  6905  4086  2819
3045  4901  5186  6422  2069  4306  2442  5064  4916  3163
6288  2880  2449  3006  6881  2355  3424  7183  3972  6547
6672  2458  2148  6842  2484  1551  2883  2191  5619  5820
6775